4341173623.2932
7.165605397491506e+16
5.114937744688909e+22
4.1593106300516636e+28
6.2723821420066e+34
1.4979633639552496e+41
4.243481497890982e+47
1.79322744734847e+54
1.3794296576928563e+61
1.6021859287953837e+68
2.5516379294749843e+75
5.336652182023933e+82
1.513379715450256e+90
5.109614269090884e+97
1.8949044667766532e+105
8.70447792064782e+112
4.220717067920243e+120
2.3419135363889846e+128
1.6484879341493871e+136
1.4528490685508893e+144
1.389384367547465e+152
1.4783153766498362e+160
1.822025063944604e+168
2.4441218512835762e+176
3.8710636841050364e+184
7.144241490109538e+192
1.3326935979623795e+201
2.349083643351777e+209
5.1361748578446975e+217
1.2238310891632446e+226
3.004670385226033e+234
7.646120944657747e+242
2.017751228873068e+251
5.3247112134184284e+259
1.5153239427259602e+268
4.609770451362937e+276
1.443522645320022e+285
4.791553389449344e+293
nan
